[kroche@we41343 kr-cuda-examples]$ ls x*
xatomic-ops  xchk-dev  xcublas-sgemm  xcuda-slm  xcuda-strm  xcuda-strm-distinct  xmanaged_mem  xmemsymb
[kroche@we41343 kr-cuda-examples]$ ./xatomic-ops 
Atomic Operation 0: 496
Atomic Operation 1: -496
Atomic Operation 2: 42
Atomic Operation 3: 0
Atomic Operation 4: 31
Atomic Operation 5: 31
Atomic Operation 6: 31
Atomic Operation 7: 1
[kroche@we41343 kr-cuda-examples]$ ./xchk-dev 
Number of CUDA devices: 1
Device 0 - Quadro RTX 5000
  Compute capability: 7.5
  Total global memory: 16110MB
  Multiprocessors: 48
  Max threads per block: 1024
  Max threads per multiprocessor: 1024
  Max block dimensions: (1024, 1024, 64)
  Max grid dimensions: (2147483647, 65535, 65535)

[kroche@we41343 kr-cuda-examples]$ ./xcublas-sgemm 
Matrix multiplication performance:
Matrix size: 8192x8192x8192
Elapsed time: 134.465 ms
(flop: 1.09965e+12) GFLOPs: 8177.93
[kroche@we41343 kr-cuda-examples]$ ./xcuda-slm 
Usage: ./program <N> <THREADS_PER_BLOCK> <SHARED_DATA_SIZE>
[kroche@we41343 kr-cuda-examples]$ ./xcuda-slm 512 32 32
GPU Result: 528 1552 2576 3600 4624 5648 6672 7696 8720 9744 10768 11792 12816 13840 14864 15888 
Host Result: 131328 0 0 0 0 0 0 0 0 0 0 0 0 0 0 0 
Result is correct!
[kroche@we41343 kr-cuda-examples]$ ./xcuda-strm 
0 1 2 3 4 5 6 7 8 9 10 11 12 13 14 15 16 17 18 19 20 21 22 23 24 25 26 27 28 29 30 31 32 33 34 35 36 37 38 39 40 41 42 43 44 45 46 47 48 49 50 51 52 53 54 55 56 57 58 59 60 61 62 63 64 65 66 67 68 69 70 71 72 73 74 75 76 77 78 79 80 81 82 83 84 85 86 87 88 89 90 91 92 93 94 95 96 97 98 99 100 101 102 103 104 105 106 107 108 109 110 111 112 113 114 115 116 117 118 119 120 121 122 123 124 125 126 127 128 129 130 131 132 133 134 135 136 137 138 139 140 141 142 143 144 145 146 147 148 149 150 151 152 153 154 155 156 157 158 159 160 161 162 163 164 165 166 167 168 169 170 171 172 173 174 175 176 177 178 179 180 181 182 183 184 185 186 187 188 189 190 191 192 193 194 195 196 197 198 199 200 201 202 203 204 205 206 207 208 209 210 211 212 213 214 215 216 217 218 219 220 221 222 223 224 225 226 227 228 229 230 231 232 233 234 235 236 237 238 239 240 241 242 243 244 245 246 247 248 249 250 251 252 253 254 255 256 257 258 259 260 261 262 263 264 265 266 267 268 269 270 271 272 273 274 275 276 277 278 279 280 281 282 283 284 285 286 287 288 289 290 291 292 293 294 295 296 297 298 299 300 301 302 303 304 305 306 307 308 309 310 311 312 313 314 315 316 317 318 319 320 321 322 323 324 325 326 327 328 329 330 331 332 333 334 335 336 337 338 339 340 341 342 343 344 345 346 347 348 349 350 351 352 353 354 355 356 357 358 359 360 361 362 363 364 365 366 367 368 369 370 371 372 373 374 375 376 377 378 379 380 381 382 383 384 385 386 387 388 389 390 391 392 393 394 395 396 397 398 399 400 401 402 403 404 405 406 407 408 409 410 411 412 413 414 415 416 417 418 419 420 421 422 423 424 425 426 427 428 429 430 431 432 433 434 435 436 437 438 439 440 441 442 443 444 445 446 447 448 449 450 451 452 453 454 455 456 457 458 459 460 461 462 463 464 465 466 467 468 469 470 471 472 473 474 475 476 477 478 479 480 481 482 483 484 485 486 487 488 489 490 491 492 493 494 495 496 497 498 499 500 501 502 503 504 505 506 507 508 509 510 511 512 513 514 515 516 517 518 519 520 521 522 523 524 525 526 527 528 529 530 531 532 533 534 535 536 537 538 539 540 541 542 543 544 545 546 547 548 549 550 551 552 553 554 555 556 557 558 559 560 561 562 563 564 565 566 567 568 569 570 571 572 573 574 575 576 577 578 579 580 581 582 583 584 585 586 587 588 589 590 591 592 593 594 595 596 597 598 599 600 601 602 603 604 605 606 607 608 609 610 611 612 613 614 615 616 617 618 619 620 621 622 623 624 625 626 627 628 629 630 631 632 633 634 635 636 637 638 639 640 641 642 643 644 645 646 647 648 649 650 651 652 653 654 655 656 657 658 659 660 661 662 663 664 665 666 667 668 669 670 671 672 673 674 675 676 677 678 679 680 681 682 683 684 685 686 687 688 689 690 691 692 693 694 695 696 697 698 699 700 701 702 703 704 705 706 707 708 709 710 711 712 713 714 715 716 717 718 719 720 721 722 723 724 725 726 727 728 729 730 731 732 733 734 735 736 737 738 739 740 741 742 743 744 745 746 747 748 749 750 751 752 753 754 755 756 757 758 759 760 761 762 763 764 765 766 767 768 769 770 771 772 773 774 775 776 777 778 779 780 781 782 783 784 785 786 787 788 789 790 791 792 793 794 795 796 797 798 799 800 801 802 803 804 805 806 807 808 809 810 811 812 813 814 815 816 817 818 819 820 821 822 823 824 825 826 827 828 829 830 831 832 833 834 835 836 837 838 839 840 841 842 843 844 845 846 847 848 849 850 851 852 853 854 855 856 857 858 859 860 861 862 863 864 865 866 867 868 869 870 871 872 873 874 875 876 877 878 879 880 881 882 883 884 885 886 887 888 889 890 891 892 893 894 895 896 897 898 899 900 901 902 903 904 905 906 907 908 909 910 911 912 913 914 915 916 917 918 919 920 921 922 923 924 925 926 927 928 929 930 931 932 933 934 935 936 937 938 939 940 941 942 943 944 945 946 947 948 949 950 951 952 953 954 955 956 957 958 959 960 961 962 963 964 965 966 967 968 969 970 971 972 973 974 975 976 977 978 979 980 981 982 983 984 985 986 987 988 989 990 991 992 993 994 995 996 997 998 999 1000 1001 1002 1003 1004 1005 1006 1007 1008 1009 1010 1011 1012 1013 1014 1015 1016 1017 1018 1019 1020 1021 1022 1023 
[kroche@we41343 kr-cuda-examples]$ ./xcuda-strm-distinct
Results from Stream 0:
1 4 9 16 25 36 49 64 81 100 121 144 169 196 225 256 289 324 361 400 441 484 529 576 625 676 729 784 841 900 961 1024 1089 1156 1225 1296 1369 1444 1521 1600 1681 1764 1849 1936 2025 2116 2209 2304 2401 2500 2601 2704 2809 2916 3025 3136 3249 3364 3481 3600 3721 3844 3969 4096 4225 4356 4489 4624 4761 4900 5041 5184 5329 5476 5625 5776 5929 6084 6241 6400 6561 6724 6889 7056 7225 7396 7569 7744 7921 8100 8281 8464 8649 8836 9025 9216 9409 9604 9801 10000 10201 10404 10609 10816 11025 11236 11449 11664 11881 12100 12321 12544 12769 12996 13225 13456 13689 13924 14161 14400 14641 14884 15129 15376 15625 15876 16129 16384 16641 16900 17161 17424 17689 17956 18225 18496 18769 19044 19321 19600 19881 20164 20449 20736 21025 21316 21609 21904 22201 22500 22801 23104 23409 23716 24025 24336 24649 24964 25281 25600 25921 26244 26569 26896 27225 27556 27889 28224 28561 28900 29241 29584 29929 30276 30625 30976 31329 31684 32041 32400 32761 33124 33489 33856 34225 34596 34969 35344 35721 36100 36481 36864 37249 37636 38025 38416 38809 39204 39601 40000 40401 40804 41209 41616 42025 42436 42849 43264 43681 44100 44521 44944 45369 45796 46225 46656 47089 47524 47961 48400 48841 49284 49729 50176 50625 51076 51529 51984 52441 52900 53361 53824 54289 54756 55225 55696 56169 56644 57121 57600 58081 58564 59049 59536 60025 60516 61009 61504 62001 62500 63001 63504 64009 64516 65025 65536 66049 66564 67081 67600 68121 68644 69169 69696 70225 70756 71289 71824 72361 72900 73441 73984 74529 75076 75625 76176 76729 77284 77841 78400 78961 79524 80089 80656 81225 81796 82369 82944 83521 84100 84681 85264 85849 86436 87025 87616 88209 88804 89401 90000 90601 91204 91809 92416 93025 93636 94249 94864 95481 96100 96721 97344 97969 98596 99225 99856 100489 101124 101761 102400 103041 103684 104329 104976 105625 106276 106929 107584 108241 108900 109561 110224 110889 111556 112225 112896 113569 114244 114921 115600 116281 116964 117649 118336 119025 119716 120409 121104 121801 122500 123201 123904 124609 125316 126025 126736 127449 128164 128881 129600 130321 131044 131769 132496 133225 133956 134689 135424 136161 136900 137641 138384 139129 139876 140625 141376 142129 142884 143641 144400 145161 145924 146689 147456 148225 148996 149769 150544 151321 152100 152881 153664 154449 155236 156025 156816 157609 158404 159201 160000 160801 161604 162409 163216 164025 164836 165649 166464 167281 168100 168921 169744 170569 171396 172225 173056 173889 174724 175561 176400 177241 178084 178929 179776 180625 181476 182329 183184 184041 184900 185761 186624 187489 188356 189225 190096 190969 191844 192721 193600 194481 195364 196249 197136 198025 198916 199809 200704 201601 202500 203401 204304 205209 206116 207025 207936 208849 209764 210681 211600 212521 213444 214369 215296 216225 217156 218089 219024 219961 220900 221841 222784 223729 224676 225625 226576 227529 228484 229441 230400 231361 232324 233289 234256 235225 236196 237169 238144 239121 240100 241081 242064 243049 244036 245025 246016 247009 248004 249001 250000 251001 252004 253009 254016 255025 256036 257049 258064 259081 260100 261121 262144 263169 264196 265225 266256 267289 268324 269361 270400 271441 272484 273529 274576 275625 276676 277729 278784 279841 280900 281961 283024 284089 285156 286225 287296 288369 289444 290521 291600 292681 293764 294849 295936 297025 298116 299209 300304 301401 302500 303601 304704 305809 306916 308025 309136 310249 311364 312481 313600 314721 315844 316969 318096 319225 320356 321489 322624 323761 324900 326041 327184 328329 329476 330625 331776 332929 334084 335241 336400 337561 338724 339889 341056 342225 343396 344569 345744 346921 348100 349281 350464 351649 352836 354025 355216 356409 357604 358801 360000 361201 362404 363609 364816 366025 367236 368449 369664 370881 372100 373321 374544 375769 376996 378225 379456 380689 381924 383161 384400 385641 386884 388129 389376 390625 391876 393129 394384 395641 396900 398161 399424 400689 401956 403225 404496 405769 407044 408321 409600 410881 412164 413449 414736 416025 417316 418609 419904 421201 422500 423801 425104 426409 427716 429025 430336 431649 432964 434281 435600 436921 438244 439569 440896 442225 443556 444889 446224 447561 448900 450241 451584 452929 454276 455625 456976 458329 459684 461041 462400 463761 465124 466489 467856 469225 470596 471969 473344 474721 476100 477481 478864 480249 481636 483025 484416 485809 487204 488601 490000 491401 492804 494209 495616 497025 498436 499849 501264 502681 504100 505521 506944 508369 509796 511225 512656 514089 515524 516961 518400 519841 521284 522729 524176 525625 527076 528529 529984 531441 532900 534361 535824 537289 538756 540225 541696 543169 544644 546121 547600 549081 550564 552049 553536 555025 556516 558009 559504 561001 562500 564001 565504 567009 568516 570025 571536 573049 574564 576081 577600 579121 580644 582169 583696 585225 586756 588289 589824 591361 592900 594441 595984 597529 599076 600625 602176 603729 605284 606841 608400 609961 611524 613089 614656 616225 617796 619369 620944 622521 624100 625681 627264 628849 630436 632025 633616 635209 636804 638401 640000 641601 643204 644809 646416 648025 649636 651249 652864 654481 656100 657721 659344 660969 662596 664225 665856 667489 669124 670761 672400 674041 675684 677329 678976 680625 682276 683929 685584 687241 688900 690561 692224 693889 695556 697225 698896 700569 702244 703921 705600 707281 708964 710649 712336 714025 715716 717409 719104 720801 722500 724201 725904 727609 729316 731025 732736 734449 736164 737881 739600 741321 743044 744769 746496 748225 749956 751689 753424 755161 756900 758641 760384 762129 763876 765625 767376 769129 770884 772641 774400 776161 777924 779689 781456 783225 784996 786769 788544 790321 792100 793881 795664 797449 799236 801025 802816 804609 806404 808201 810000 811801 813604 815409 817216 819025 820836 822649 824464 826281 828100 829921 831744 833569 835396 837225 839056 840889 842724 844561 846400 848241 850084 851929 853776 855625 857476 859329 861184 863041 864900 866761 868624 870489 872356 874225 876096 877969 879844 881721 883600 885481 887364 889249 891136 893025 894916 896809 898704 900601 902500 904401 906304 908209 910116 912025 913936 915849 917764 919681 921600 923521 925444 927369 929296 931225 933156 935089 937024 938961 940900 942841 944784 946729 948676 950625 952576 954529 956484 958441 960400 962361 964324 966289 968256 970225 972196 974169 976144 978121 980100 982081 984064 986049 988036 990025 992016 994009 996004 998001 1e+06 1.002e+06 1.004e+06 1.00601e+06 1.00802e+06 1.01002e+06 1.01204e+06 1.01405e+06 1.01606e+06 1.01808e+06 1.0201e+06 1.02212e+06 1.02414e+06 1.02617e+06 1.0282e+06 1.03022e+06 1.03226e+06 1.03429e+06 1.03632e+06 1.03836e+06 1.0404e+06 1.04244e+06 1.04448e+06 1.04653e+06 1.04858e+06 
Results from Stream 1:
1 1.41421 1.73205 2 2.23607 2.44949 2.64575 2.82843 3 3.16228 3.31662 3.4641 3.60555 3.74166 3.87298 4 4.12311 4.24264 4.3589 4.47214 4.58258 4.69042 4.79583 4.89898 5 5.09902 5.19615 5.2915 5.38516 5.47723 5.56776 5.65685 5.74456 5.83095 5.91608 6 6.08276 6.16441 6.245 6.32456 6.40312 6.48074 6.55744 6.63325 6.7082 6.78233 6.85565 6.9282 7 7.07107 7.14143 7.2111 7.28011 7.34847 7.4162 7.48331 7.54983 7.61577 7.68115 7.74597 7.81025 7.87401 7.93725 8 8.06226 8.12404 8.18535 8.24621 8.30662 8.3666 8.42615 8.48528 8.544 8.60233 8.66025 8.7178 8.77496 8.83176 8.88819 8.94427 9 9.05539 9.11043 9.16515 9.21954 9.27362 9.32738 9.38083 9.43398 9.48683 9.53939 9.59166 9.64365 9.69536 9.74679 9.79796 9.84886 9.8995 9.94987 10 10.0499 10.0995 10.1489 10.198 10.247 10.2956 10.3441 10.3923 10.4403 10.4881 10.5357 10.583 10.6301 10.6771 10.7238 10.7703 10.8167 10.8628 10.9087 10.9545 11 11.0454 11.0905 11.1355 11.1803 11.225 11.2694 11.3137 11.3578 11.4018 11.4455 11.4891 11.5326 11.5758 11.6189 11.6619 11.7047 11.7473 11.7898 11.8322 11.8743 11.9164 11.9583 12 12.0416 12.083 12.1244 12.1655 12.2066 12.2474 12.2882 12.3288 12.3693 12.4097 12.4499 12.49 12.53 12.5698 12.6095 12.6491 12.6886 12.7279 12.7671 12.8062 12.8452 12.8841 12.9228 12.9615 13 13.0384 13.0767 13.1149 13.1529 13.1909 13.2288 13.2665 13.3041 13.3417 13.3791 13.4164 13.4536 13.4907 13.5277 13.5647 13.6015 13.6382 13.6748 13.7113 13.7477 13.784 13.8203 13.8564 13.8924 13.9284 13.9642 14 14.0357 14.0712 14.1067 14.1421 14.1774 14.2127 14.2478 14.2829 14.3178 14.3527 14.3875 14.4222 14.4568 14.4914 14.5258 14.5602 14.5945 14.6287 14.6629 14.6969 14.7309 14.7648 14.7986 14.8324 14.8661 14.8997 14.9332 14.9666 15 15.0333 15.0665 15.0997 15.1327 15.1658 15.1987 15.2315 15.2643 15.2971 15.3297 15.3623 15.3948 15.4272 15.4596 15.4919 15.5242 15.5563 15.5885 15.6205 15.6525 15.6844 15.7162 15.748 15.7797 15.8114 15.843 15.8745 15.906 15.9374 15.9687 16 16.0312 16.0624 16.0935 16.1245 16.1555 16.1864 16.2173 16.2481 16.2788 16.3095 16.3401 16.3707 16.4012 16.4317 16.4621 16.4924 16.5227 16.5529 16.5831 16.6132 16.6433 16.6733 16.7033 16.7332 16.7631 16.7929 16.8226 16.8523 16.8819 16.9115 16.9411 16.9706 17 17.0294 17.0587 17.088 17.1172 17.1464 17.1756 17.2047 17.2337 17.2627 17.2916 17.3205 17.3494 17.3781 17.4069 17.4356 17.4642 17.4929 17.5214 17.5499 17.5784 17.6068 17.6352 17.6635 17.6918 17.72 17.7482 17.7764 17.8045 17.8326 17.8606 17.8885 17.9165 17.9444 17.9722 18 18.0278 18.0555 18.0831 18.1108 18.1384 18.1659 18.1934 18.2209 18.2483 18.2757 18.303 18.3303 18.3576 18.3848 18.412 18.4391 18.4662 18.4932 18.5203 18.5472 18.5742 18.6011 18.6279 18.6548 18.6815 18.7083 18.735 18.7617 18.7883 18.8149 18.8414 18.868 18.8944 18.9209 18.9473 18.9737 19 19.0263 19.0526 19.0788 19.105 19.1311 19.1572 19.1833 19.2094 19.2354 19.2614 19.2873 19.3132 19.3391 19.3649 19.3907 19.4165 19.4422 19.4679 19.4936 19.5192 19.5448 19.5704 19.5959 19.6214 19.6469 19.6723 19.6977 19.7231 19.7484 19.7737 19.799 19.8242 19.8494 19.8746 19.8997 19.9249 19.9499 19.975 20 20.025 20.0499 20.0749 20.0998 20.1246 20.1494 20.1742 20.199 20.2237 20.2485 20.2731 20.2978 20.3224 20.347 20.3715 20.3961 20.4206 20.445 20.4695 20.4939 20.5183 20.5426 20.567 20.5913 20.6155 20.6398 20.664 20.6882 20.7123 20.7364 20.7605 20.7846 20.8087 20.8327 20.8567 20.8806 20.9045 20.9284 20.9523 20.9762 21 21.0238 21.0476 21.0713 21.095 21.1187 21.1424 21.166 21.1896 21.2132 21.2368 21.2603 21.2838 21.3073 21.3307 21.3542 21.3776 21.4009 21.4243 21.4476 21.4709 21.4942 21.5174 21.5407 21.5639 21.587 21.6102 21.6333 21.6564 21.6795 21.7025 21.7256 21.7486 21.7715 21.7945 21.8174 21.8403 21.8632 21.8861 21.9089 21.9317 21.9545 21.9773 22 22.0227 22.0454 22.0681 22.0907 22.1133 22.1359 22.1585 22.1811 22.2036 22.2261 22.2486 22.2711 22.2935 22.3159 22.3383 22.3607 22.383 22.4054 22.4277 22.4499 22.4722 22.4944 22.5167 22.5389 22.561 22.5832 22.6053 22.6274 22.6495 22.6716 22.6936 22.7156 22.7376 22.7596 22.7816 22.8035 22.8254 22.8473 22.8692 22.891 22.9129 22.9347 22.9565 22.9783 23 23.0217 23.0434 23.0651 23.0868 23.1084 23.1301 23.1517 23.1733 23.1948 23.2164 23.2379 23.2594 23.2809 23.3024 23.3238 23.3452 23.3666 23.388 23.4094 23.4307 23.4521 23.4734 23.4947 23.516 23.5372 23.5584 23.5797 23.6008 23.622 23.6432 23.6643 23.6854 23.7065 23.7276 23.7487 23.7697 23.7908 23.8118 23.8328 23.8537 23.8747 23.8956 23.9165 23.9374 23.9583 23.9792 24 24.0208 24.0416 24.0624 24.0832 24.1039 24.1247 24.1454 24.1661 24.1868 24.2074 24.2281 24.2487 24.2693 24.2899 24.3105 24.3311 24.3516 24.3721 24.3926 24.4131 24.4336 24.454 24.4745 24.4949 24.5153 24.5357 24.5561 24.5764 24.5967 24.6171 24.6374 24.6577 24.6779 24.6982 24.7184 24.7386 24.7588 24.779 24.7992 24.8193 24.8395 24.8596 24.8797 24.8998 24.9199 24.9399 24.96 24.98 25 25.02 25.04 25.0599 25.0799 25.0998 25.1197 25.1396 25.1595 25.1794 25.1992 25.219 25.2389 25.2587 25.2785 25.2982 25.318 25.3377 25.3574 25.3772 25.3969 25.4165 25.4362 25.4558 25.4755 25.4951 25.5147 25.5343 25.5539 25.5734 25.593 25.6125 25.632 25.6515 25.671 25.6905 25.7099 25.7294 25.7488 25.7682 25.7876 25.807 25.8263 25.8457 25.865 25.8844 25.9037 25.923 25.9422 25.9615 25.9808 26 26.0192 26.0384 26.0576 26.0768 26.096 26.1151 26.1343 26.1534 26.1725 26.1916 26.2107 26.2298 26.2488 26.2679 26.2869 26.3059 26.3249 26.3439 26.3629 26.3818 26.4008 26.4197 26.4386 26.4575 26.4764 26.4953 26.5141 26.533 26.5518 26.5707 26.5895 26.6083 26.6271 26.6458 26.6646 26.6833 26.7021 26.7208 26.7395 26.7582 26.7769 26.7955 26.8142 26.8328 26.8514 26.8701 26.8887 26.9072 26.9258 26.9444 26.9629 26.9815 27 27.0185 27.037 27.0555 27.074 27.0924 27.1109 27.1293 27.1477 27.1662 27.1846 27.2029 27.2213 27.2397 27.258 27.2764 27.2947 27.313 27.3313 27.3496 27.3679 27.3861 27.4044 27.4226 27.4408 27.4591 27.4773 27.4955 27.5136 27.5318 27.55 27.5681 27.5862 27.6043 27.6225 27.6406 27.6586 27.6767 27.6948 27.7128 27.7308 27.7489 27.7669 27.7849 27.8029 27.8209 27.8388 27.8568 27.8747 27.8927 27.9106 27.9285 27.9464 27.9643 27.9821 28 28.0179 28.0357 28.0535 28.0713 28.0891 28.1069 28.1247 28.1425 28.1603 28.178 28.1957 28.2135 28.2312 28.2489 28.2666 28.2843 28.3019 28.3196 28.3373 28.3549 28.3725 28.3901 28.4077 28.4253 28.4429 28.4605 28.4781 28.4956 28.5132 28.5307 28.5482 28.5657 28.5832 28.6007 28.6182 28.6356 28.6531 28.6705 28.688 28.7054 28.7228 28.7402 28.7576 28.775 28.7924 28.8097 28.8271 28.8444 28.8617 28.8791 28.8964 28.9137 28.931 28.9482 28.9655 28.9828 29 29.0172 29.0345 29.0517 29.0689 29.0861 29.1033 29.1204 29.1376 29.1548 29.1719 29.189 29.2062 29.2233 29.2404 29.2575 29.2746 29.2916 29.3087 29.3258 29.3428 29.3598 29.3769 29.3939 29.4109 29.4279 29.4449 29.4618 29.4788 29.4958 29.5127 29.5296 29.5466 29.5635 29.5804 29.5973 29.6142 29.6311 29.6479 29.6648 29.6816 29.6985 29.7153 29.7321 29.7489 29.7658 29.7825 29.7993 29.8161 29.8329 29.8496 29.8664 29.8831 29.8998 29.9165 29.9333 29.95 29.9666 29.9833 30 30.0167 30.0333 30.05 30.0666 30.0832 30.0998 30.1164 30.133 30.1496 30.1662 30.1828 30.1993 30.2159 30.2324 30.249 30.2655 30.282 30.2985 30.315 30.3315 30.348 30.3645 30.3809 30.3974 30.4138 30.4302 30.4467 30.4631 30.4795 30.4959 30.5123 30.5287 30.545 30.5614 30.5778 30.5941 30.6105 30.6268 30.6431 30.6594 30.6757 30.692 30.7083 30.7246 30.7409 30.7571 30.7734 30.7896 30.8058 30.8221 30.8383 30.8545 30.8707 30.8869 30.9031 30.9193 30.9354 30.9516 30.9677 30.9839 31 31.0161 31.0322 31.0483 31.0644 31.0805 31.0966 31.1127 31.1288 31.1448 31.1609 31.1769 31.1929 31.209 31.225 31.241 31.257 31.273 31.289 31.305 31.3209 31.3369 31.3528 31.3688 31.3847 31.4006 31.4166 31.4325 31.4484 31.4643 31.4802 31.496 31.5119 31.5278 31.5436 31.5595 31.5753 31.5911 31.607 31.6228 31.6386 31.6544 31.6702 31.686 31.7017 31.7175 31.7333 31.749 31.7648 31.7805 31.7962 31.8119 31.8277 31.8434 31.8591 31.8748 31.8904 31.9061 31.9218 31.9374 31.9531 31.9687 31.9844 32 
Results from Stream 2:
1 0.5 0.333333 0.25 0.2 0.166667 0.142857 0.125 0.111111 0.1 0.0909091 0.0833333 0.0769231 0.0714286 0.0666667 0.0625 0.0588235 0.0555556 0.0526316 0.05 0.047619 0.0454545 0.0434783 0.0416667 0.04 0.0384615 0.037037 0.0357143 0.0344828 0.0333333 0.0322581 0.03125 0.030303 0.0294118 0.0285714 0.0277778 0.027027 0.0263158 0.025641 0.025 0.0243902 0.0238095 0.0232558 0.0227273 0.0222222 0.0217391 0.0212766 0.0208333 0.0204082 0.02 0.0196078 0.0192308 0.0188679 0.0185185 0.0181818 0.0178571 0.0175439 0.0172414 0.0169492 0.0166667 0.0163934 0.016129 0.015873 0.015625 0.0153846 0.0151515 0.0149254 0.0147059 0.0144928 0.0142857 0.0140845 0.0138889 0.0136986 0.0135135 0.0133333 0.0131579 0.012987 0.0128205 0.0126582 0.0125 0.0123457 0.0121951 0.0120482 0.0119048 0.0117647 0.0116279 0.0114943 0.0113636 0.011236 0.0111111 0.010989 0.0108696 0.0107527 0.0106383 0.0105263 0.0104167 0.0103093 0.0102041 0.010101 0.01 0.00990099 0.00980392 0.00970874 0.00961538 0.00952381 0.00943396 0.00934579 0.00925926 0.00917431 0.00909091 0.00900901 0.00892857 0.00884956 0.00877193 0.00869565 0.00862069 0.00854701 0.00847458 0.00840336 0.00833333 0.00826446 0.00819672 0.00813008 0.00806452 0.008 0.00793651 0.00787402 0.0078125 0.00775194 0.00769231 0.00763359 0.00757576 0.0075188 0.00746269 0.00740741 0.00735294 0.00729927 0.00724638 0.00719424 0.00714286 0.0070922 0.00704225 0.00699301 0.00694444 0.00689655 0.00684932 0.00680272 0.00675676 0.00671141 0.00666667 0.00662252 0.00657895 0.00653595 0.00649351 0.00645161 0.00641026 0.00636943 0.00632911 0.00628931 0.00625 0.00621118 0.00617284 0.00613497 0.00609756 0.00606061 0.0060241 0.00598802 0.00595238 0.00591716 0.00588235 0.00584795 0.00581395 0.00578035 0.00574713 0.00571429 0.00568182 0.00564972 0.00561798 0.00558659 0.00555556 0.00552486 0.00549451 0.00546448 0.00543478 0.00540541 0.00537634 0.00534759 0.00531915 0.00529101 0.00526316 0.0052356 0.00520833 0.00518135 0.00515464 0.00512821 0.00510204 0.00507614 0.00505051 0.00502513 0.005 0.00497512 0.00495049 0.00492611 0.00490196 0.00487805 0.00485437 0.00483092 0.00480769 0.00478469 0.0047619 0.00473934 0.00471698 0.00469484 0.0046729 0.00465116 0.00462963 0.00460829 0.00458716 0.00456621 0.00454545 0.00452489 0.0045045 0.00448431 0.00446429 0.00444444 0.00442478 0.00440529 0.00438596 0.00436681 0.00434783 0.004329 0.00431034 0.00429185 0.0042735 0.00425532 0.00423729 0.00421941 0.00420168 0.0041841 0.00416667 0.00414938 0.00413223 0.00411523 0.00409836 0.00408163 0.00406504 0.00404858 0.00403226 0.00401606 0.004 0.00398406 0.00396825 0.00395257 0.00393701 0.00392157 0.00390625 0.00389105 0.00387597 0.003861 0.00384615 0.00383142 0.00381679 0.00380228 0.00378788 0.00377358 0.0037594 0.00374532 0.00373134 0.00371747 0.0037037 0.00369004 0.00367647 0.003663 0.00364964 0.00363636 0.00362319 0.00361011 0.00359712 0.00358423 0.00357143 0.00355872 0.0035461 0.00353357 0.00352113 0.00350877 0.0034965 0.00348432 0.00347222 0.00346021 0.00344828 0.00343643 0.00342466 0.00341297 0.00340136 0.00338983 0.00337838 0.003367 0.0033557 0.00334448 0.00333333 0.00332226 0.00331126 0.00330033 0.00328947 0.00327869 0.00326797 0.00325733 0.00324675 0.00323625 0.00322581 0.00321543 0.00320513 0.00319489 0.00318471 0.0031746 0.00316456 0.00315457 0.00314465 0.0031348 0.003125 0.00311526 0.00310559 0.00309598 0.00308642 0.00307692 0.00306748 0.0030581 0.00304878 0.00303951 0.0030303 0.00302115 0.00301205 0.003003 0.00299401 0.00298507 0.00297619 0.00296736 0.00295858 0.00294985 0.00294118 0.00293255 0.00292398 0.00291545 0.00290698 0.00289855 0.00289017 0.00288184 0.00287356 0.00286533 0.00285714 0.002849 0.00284091 0.00283286 0.00282486 0.0028169 0.00280899 0.00280112 0.0027933 0.00278552 0.00277778 0.00277008 0.00276243 0.00275482 0.00274725 0.00273973 0.00273224 0.0027248 0.00271739 0.00271003 0.0027027 0.00269542 0.00268817 0.00268097 0.0026738 0.00266667 0.00265957 0.00265252 0.0026455 0.00263852 0.00263158 0.00262467 0.0026178 0.00261097 0.00260417 0.0025974 0.00259067 0.00258398 0.00257732 0.00257069 0.0025641 0.00255754 0.00255102 0.00254453 0.00253807 0.00253165 0.00252525 0.00251889 0.00251256 0.00250627 0.0025 0.00249377 0.00248756 0.00248139 0.00247525 0.00246914 0.00246305 0.002457 0.00245098 0.00244499 0.00243902 0.00243309 0.00242718 0.00242131 0.00241546 0.00240964 0.00240385 0.00239808 0.00239234 0.00238663 0.00238095 0.0023753 0.00236967 0.00236407 0.00235849 0.00235294 0.00234742 0.00234192 0.00233645 0.002331 0.00232558 0.00232019 0.00231481 0.00230947 0.00230415 0.00229885 0.00229358 0.00228833 0.0022831 0.0022779 0.00227273 0.00226757 0.00226244 0.00225734 0.00225225 0.00224719 0.00224215 0.00223714 0.00223214 0.00222717 0.00222222 0.00221729 0.00221239 0.00220751 0.00220264 0.0021978 0.00219298 0.00218818 0.00218341 0.00217865 0.00217391 0.0021692 0.0021645 0.00215983 0.00215517 0.00215054 0.00214592 0.00214133 0.00213675 0.0021322 0.00212766 0.00212314 0.00211864 0.00211416 0.0021097 0.00210526 0.00210084 0.00209644 0.00209205 0.00208768 0.00208333 0.002079 0.00207469 0.00207039 0.00206612 0.00206186 0.00205761 0.00205339 0.00204918 0.00204499 0.00204082 0.00203666 0.00203252 0.0020284 0.00202429 0.0020202 0.00201613 0.00201207 0.00200803 0.00200401 0.002 0.00199601 0.00199203 0.00198807 0.00198413 0.0019802 0.00197628 0.00197239 0.0019685 0.00196464 0.00196078 0.00195695 0.00195312 0.00194932 0.00194553 0.00194175 0.00193798 0.00193424 0.0019305 0.00192678 0.00192308 0.00191939 0.00191571 0.00191205 0.0019084 0.00190476 0.00190114 0.00189753 0.00189394 0.00189036 0.00188679 0.00188324 0.0018797 0.00187617 0.00187266 0.00186916 0.00186567 0.0018622 0.00185874 0.00185529 0.00185185 0.00184843 0.00184502 0.00184162 0.00183824 0.00183486 0.0018315 0.00182815 0.00182482 0.00182149 0.00181818 0.00181488 0.00181159 0.00180832 0.00180505 0.0018018 0.00179856 0.00179533 0.00179211 0.00178891 0.00178571 0.00178253 0.00177936 0.0017762 0.00177305 0.00176991 0.00176678 0.00176367 0.00176056 0.00175747 0.00175439 0.00175131 0.00174825 0.0017452 0.00174216 0.00173913 0.00173611 0.0017331 0.0017301 0.00172712 0.00172414 0.00172117 0.00171821 0.00171527 0.00171233 0.0017094 0.00170648 0.00170358 0.00170068 0.00169779 0.00169492 0.00169205 0.00168919 0.00168634 0.0016835 0.00168067 0.00167785 0.00167504 0.00167224 0.00166945 0.00166667 0.00166389 0.00166113 0.00165837 0.00165563 0.00165289 0.00165017 0.00164745 0.00164474 0.00164204 0.00163934 0.00163666 0.00163399 0.00163132 0.00162866 0.00162602 0.00162338 0.00162075 0.00161812 0.00161551 0.0016129 0.00161031 0.00160772 0.00160514 0.00160256 0.0016 0.00159744 0.0015949 0.00159236 0.00158983 0.0015873 0.00158479 0.00158228 0.00157978 0.00157729 0.0015748 0.00157233 0.00156986 0.0015674 0.00156495 0.0015625 0.00156006 0.00155763 0.00155521 0.0015528 0.00155039 0.00154799 0.0015456 0.00154321 0.00154083 0.00153846 0.0015361 0.00153374 0.00153139 0.00152905 0.00152672 0.00152439 0.00152207 0.00151976 0.00151745 0.00151515 0.00151286 0.00151057 0.0015083 0.00150602 0.00150376 0.0015015 0.00149925 0.00149701 0.00149477 0.00149254 0.00149031 0.0014881 0.00148588 0.00148368 0.00148148 0.00147929 0.0014771 0.00147493 0.00147275 0.00147059 0.00146843 0.00146628 0.00146413 0.00146199 0.00145985 0.00145773 0.0014556 0.00145349 0.00145138 0.00144928 0.00144718 0.00144509 0.001443 0.00144092 0.00143885 0.00143678 0.00143472 0.00143266 0.00143062 0.00142857 0.00142653 0.0014245 0.00142248 0.00142045 0.00141844 0.00141643 0.00141443 0.00141243 0.00141044 0.00140845 0.00140647 0.00140449 0.00140252 0.00140056 0.0013986 0.00139665 0.0013947 0.00139276 0.00139082 0.00138889 0.00138696 0.00138504 0.00138313 0.00138122 0.00137931 0.00137741 0.00137552 0.00137363 0.00137174 0.00136986 0.00136799 0.00136612 0.00136426 0.0013624 0.00136054 0.0013587 0.00135685 0.00135501 0.00135318 0.00135135 0.00134953 0.00134771 0.00134589 0.00134409 0.00134228 0.00134048 0.00133869 0.0013369 0.00133511 0.00133333 0.00133156 0.00132979 0.00132802 0.00132626 0.0013245 0.00132275 0.001321 0.00131926 0.00131752 0.00131579 0.00131406 0.00131234 0.00131062 0.0013089 0.00130719 0.00130548 0.00130378 0.00130208 0.00130039 0.0012987 0.00129702 0.00129534 0.00129366 0.00129199 0.00129032 0.00128866 0.001287 0.00128535 0.0012837 0.00128205 0.00128041 0.00127877 0.00127714 0.00127551 0.00127389 0.00127226 0.00127065 0.00126904 0.00126743 0.00126582 0.00126422 0.00126263 0.00126103 0.00125945 0.00125786 0.00125628 0.00125471 0.00125313 0.00125156 0.00125 0.00124844 0.00124688 0.00124533 0.00124378 0.00124224 0.00124069 0.00123916 0.00123762 0.00123609 0.00123457 0.00123305 0.00123153 0.00123001 0.0012285 0.00122699 0.00122549 0.00122399 0.00122249 0.001221 0.00121951 0.00121803 0.00121655 0.00121507 0.00121359 0.00121212 0.00121065 0.00120919 0.00120773 0.00120627 0.00120482 0.00120337 0.00120192 0.00120048 0.00119904 0.0011976 0.00119617 0.00119474 0.00119332 0.0011919 0.00119048 0.00118906 0.00118765 0.00118624 0.00118483 0.00118343 0.00118203 0.00118064 0.00117925 0.00117786 0.00117647 0.00117509 0.00117371 0.00117233 0.00117096 0.00116959 0.00116822 0.00116686 0.0011655 0.00116414 0.00116279 0.00116144 0.00116009 0.00115875 0.00115741 0.00115607 0.00115473 0.0011534 0.00115207 0.00115075 0.00114943 0.00114811 0.00114679 0.00114548 0.00114416 0.00114286 0.00114155 0.00114025 0.00113895 0.00113766 0.00113636 0.00113507 0.00113379 0.0011325 0.00113122 0.00112994 0.00112867 0.0011274 0.00112613 0.00112486 0.0011236 0.00112233 0.00112108 0.00111982 0.00111857 0.00111732 0.00111607 0.00111483 0.00111359 0.00111235 0.00111111 0.00110988 0.00110865 0.00110742 0.00110619 0.00110497 0.00110375 0.00110254 0.00110132 0.00110011 0.0010989 0.00109769 0.00109649 0.00109529 0.00109409 0.0010929 0.0010917 0.00109051 0.00108932 0.00108814 0.00108696 0.00108578 0.0010846 0.00108342 0.00108225 0.00108108 0.00107991 0.00107875 0.00107759 0.00107643 0.00107527 0.00107411 0.00107296 0.00107181 0.00107066 0.00106952 0.00106838 0.00106724 0.0010661 0.00106496 0.00106383 0.0010627 0.00106157 0.00106045 0.00105932 0.0010582 0.00105708 0.00105597 0.00105485 0.00105374 0.00105263 0.00105152 0.00105042 0.00104932 0.00104822 0.00104712 0.00104603 0.00104493 0.00104384 0.00104275 0.00104167 0.00104058 0.0010395 0.00103842 0.00103734 0.00103627 0.0010352 0.00103413 0.00103306 0.00103199 0.00103093 0.00102987 0.00102881 0.00102775 0.00102669 0.00102564 0.00102459 0.00102354 0.00102249 0.00102145 0.00102041 0.00101937 0.00101833 0.00101729 0.00101626 0.00101523 0.0010142 0.00101317 0.00101215 0.00101112 0.0010101 0.00100908 0.00100806 0.00100705 0.00100604 0.00100503 0.00100402 0.00100301 0.001002 0.001001 0.001 0.000999001 0.000998004 0.000997009 0.000996016 0.000995025 0.000994036 0.000993049 0.000992064 0.00099108 0.000990099 0.00098912 0.000988142 0.000987167 0.000986193 0.000985222 0.000984252 0.000983284 0.000982318 0.000981354 0.000980392 0.000979432 0.000978474 0.000977517 0.000976562 
Stream 0 Elapsed Time: 0.01728ms
Stream 1 Elapsed Time: 0.01728ms
Stream 2 Elapsed Time: 0.01728ms
[kroche@we41343 kr-cuda-examples]$ ./xmanaged_mem
array[0] = 1
array[1] = 2
array[2] = 3
array[3] = 4
array[4] = 5
array[5] = 6
array[6] = 7
array[7] = 8
array[8] = 9
array[9] = 10
output from mode 0:
array[0] = 0
array[1] = 1
array[2] = 2
array[3] = 3
array[4] = 4
array[5] = 5
array[6] = 6
array[7] = 7
array[8] = 8
array[9] = 9
output from mode 1:
array[0] = 0
array[1] = 2
array[2] = 4
array[3] = 6
array[4] = 8
array[5] = 10
array[6] = 12
array[7] = 14
array[8] = 16
array[9] = 18
output from mode 2:
array[0] = 0
array[1] = 0
array[2] = 0
array[3] = 0
array[4] = 0
array[5] = 0
array[6] = 0
array[7] = 0
array[8] = 0
array[9] = 0
[kroche@we41343 kr-cuda-examples]$ ./xmemsymb 
0: A+B = 110
1: A+B = 111
2: A+B = 112
3: A+B = 113
4: A+B = 114
5: A+B = 115
6: A+B = 116
7: A+B = 117
8: A+B = 118
9: A+B = 119
copied a, b: 10 100
[kroche@we41343 kr-cuda-examples]$ 

