CDEEJKL
-------
Pattern found 3 times at positions: 86336779 197514144 207144246

ABDCK
-----
Pattern found 482 times at positions: 581669 1561783 1766969 1910607 2448653 2492547 2978497 3103787 4757105 5194036 5334803 5362734 5899678 6754091 6831193 8588965 8790306 9278731 9443549 9876172 10422262 10902715 10964464 12259978 12496269 12523230 13328767 13644985 14062156 14965019 15210488 15238693 15401317 15511175 16026251 16255275 17064241 17434449 17601297 18401729 19091941 20701730 20714081 20802290 22164078 22586992 22596289 23286264 23872597 24262558 24375407 24383949 24570727 24635934 24712807 25435431 26681565 27208625 28263623 29709194 30087455 30181526 30490655 31057101 31901880 32689659 32844999 35624881 35925585 36282297 36640183 37309890 37934757 38667562 38981291 38982796 39039214 40214585 41168471 41954890 42086816 42564514 42738186 42982458 43778779 44167122 44222808 46686224 46777009 47365260 47483171 49079097 49786973 50695250 50955865 51611805 51677596 51689877 53834366 54061730 55129513 55137074 55326401 55808710 56870137 56892063 57643292 57911975 58286056 58962278 59215924 59357059 60325764 61904168 63096560 63576891 63861161 65175441 66137850 66259693 66476375 66930181 67218534 67455350 69765635 70137708 73128036 73704321 73803298 74158140 74202866 74644923 75028533 78394729 78687727 78694076 78837643 79525259 79640269 81395042 81472182 81789686 81932528 82395363 82721934 82947186 83074370 85533942 86399852 86491409 86768662 88100299 88117983 88555782 88620367 88999606 89551215 89574614 89712195 90079822 90148577 90802182 90893012 91156546 91412646 92013228 92144671 92194186 92509613 92663410 92755557 93247571 93838170 94356183 94759467 94799475 94876147 94973149 95374172 95434099 96556983 96904106 96999315 97176998 97257651 97413217 97440194 97573329 97761622 97955410 98360073 98477545 98754331 99752949 101569068 102649380 102710518 103589464 104574081 104917142 105267692 106528166 106832056 107621338 107662487 109181650 109798604 110487313 111153601 112337280 112424791 112481172 112738027 113052216 113105879 113141273 115133406 115627033 116162133 116212963 117349604 118110521 118291326 118651170 120139040 120255545 120543645 122045647 122386351 123314311 123391629 123855905 123992354 124652667 125256751 125309281 126151522 126267785 126809612 127453564 127504098 127982276 128003958 129064116 129248462 129702744 129916942 130679340 131838338 131903496 131909077 132040343 132893082 134417261 135896415 136179920 136281429 136421748 137071540 137162035 137280327 137766898 138255427 138730700 139219553 139424081 139640016 139664439 142193668 142529641 142870521 142971203 142986428 142990960 143712179 144185819 145288009 146316836 147450196 147818167 147840827 147988671 148925292 150163881 150420585 150444264 150946490 151022097 152303891 153223725 154991620 155024580 156126184 157485708 157896607 158346634 158384935 158581415 158694227 159255335 159446231 162557568 162732859 163751097 163768245 164175486 164350083 164787612 165217213 165303301 166962053 167085326 167862121 168670024 168850897 168972447 169650998 170552946 171730451 172853992 173138975 173356580 173595612 174502122 174825515 174962362 175282734 176411657 176789685 177223271 179001009 179266789 180212976 180368656 180666080 182155319 182583307 183497553 183646914 185885381 186236306 186341634 186533495 186930834 187177716 188593765 188990866 189351406 189933790 190192219 190573736 190635728 191813810 192707723 193516734 195861191 196126684 196166628 196689408 197559322 197774132 198836739 199071268 200063949 200604371 201226113 201242432 201673528 201775674 202876590 203911321 204450292 204945417 205064786 207019451 207465518 207698503 208028385 209064566 210013667 210125479 211828915 212067063 212124036 212594772 214564438 214981064 215677527 215948236 216095789 216850387 217398143 218321786 219487523 220935833 221171762 222270185 222452171 222847390 222988984 223303588 223897157 224023883 224325316 225101933 225230446 226124196 226294357 227248065 227724429 227746242 228013243 229135721 229498600 229542842 229599734 229887322 230151384 230527287 231060499 231361554 232411829 233325297 233376112 233578870 233605619 233721903 233826853 234499371 234609667 234834247 235000271 237216705 237941029 238986084 239357314 240478527 240501862 241312044 241519476 241659501 241881863 242003065 242067624 242833123 242934587 243013709 243235892 244992154 245221939 245363451 245834598 245891044 245931456 246049816 247994905 249563241 250305153 250396012 250707112 250758439 251939545 252250120 252488403 253141780 253949486 254855555 256067431 256184434 256425796 256886015 259148030 260834664 262236583 263480682 263644244 264262402 265086199 265263899 265531326 266680361 267776088

FFGGHH
------
Pattern found 34 times at positions: 15711059 20620835 22052067 25503279 39372049 40083658 52874087 55981142 58919655 75142043 79217971 85654700 92623462 95156522 98655107 114586825 121448888 128049807 164640254 175530150 178694798 190594484 194594598 196290070 199940862 220159686 230542188 240586360 244733871 249753151 254514806 257971318 259166727 262510587

FINDME
------
Pattern found 38 times at positions: 11121033 20897165 25456972 29035109 29372634 31453260 32035472 36290561 39395316 40491538 41703170 44799120 53560263 71196200 80498154 83479574 94573237 107341988 107426075 107709645 117911106 120382142 132812801 133055311 133799899 144051424 146979534 166106331 194865617 214719702 217760248 220513239 222276506 231377995 238181530 256155291 256779965 261564731

HELLO
-----
Pattern found 0 times at positions: